(kicad_pcb (version 20171130) (host pcbnew "(5.1.9)-1")

  (general
    (thickness 1.6)
    (drawings 78)
    (tracks 900)
    (zones 0)
    (modules 180)
    (nets 45)
  )

  (page A4)
  (layers
    (0 F.Cu signal)
    (31 B.Cu signal)
    (32 B.Adhes user)
    (33 F.Adhes user)
    (34 B.Paste user)
    (35 F.Paste user)
    (36 B.SilkS user)
    (37 F.SilkS user)
    (38 B.Mask user)
    (39 F.Mask user)
    (40 Dwgs.User user)
    (41 Cmts.User user)
    (42 Eco1.User user)
    (43 Eco2.User user)
    (44 Edge.Cuts user)
    (45 Margin user)
    (46 B.CrtYd user)
    (47 F.CrtYd user)
    (48 B.Fab user)
    (49 F.Fab user)
  )

  (setup
    (last_trace_width 0.6)
    (user_trace_width 0.4)
    (user_trace_width 0.6)
    (user_trace_width 0.8)
    (user_trace_width 1)
    (trace_clearance 0.2)
    (zone_clearance 0.508)
    (zone_45_only no)
    (trace_min 0.2)
    (via_size 0.8)
    (via_drill 0.4)
    (via_min_size 0.4)
    (via_min_drill 0.3)
    (user_via 1.5 0.6)
    (user_via 1.8 1)
    (uvia_size 0.3)
    (uvia_drill 0.1)
    (uvias_allowed no)
    (uvia_min_size 0.2)
    (uvia_min_drill 0.1)
    (edge_width 0.05)
    (segment_width 0.2)
    (pcb_text_width 0.3)
    (pcb_text_size 1.5 1.5)
    (mod_edge_width 0.12)
    (mod_text_size 1 1)
    (mod_text_width 0.15)
    (pad_size 1.524 1.524)
    (pad_drill 0.762)
    (pad_to_mask_clearance 0)
    (aux_axis_origin 0 0)
    (visible_elements 7FFFFFFF)
    (pcbplotparams
      (layerselection 0x01000_fffffffe)
      (usegerberextensions false)
      (usegerberattributes true)
      (usegerberadvancedattributes true)
      (creategerberjobfile true)
      (excludeedgelayer false)
      (linewidth 0.100000)
      (plotframeref false)
      (viasonmask false)
      (mode 1)
      (useauxorigin false)
      (hpglpennumber 1)
      (hpglpenspeed 20)
      (hpglpendiameter 15.000000)
      (psnegative false)
      (psa4output false)
      (plotreference true)
      (plotvalue true)
      (plotinvisibletext false)
      (padsonsilk false)
      (subtractmaskfromsilk false)
      (outputformat 4)
      (mirror false)
      (drillshape 1)
      (scaleselection 1)
      (outputdirectory ""))
  )

  (net 0 "")
  (net 1 /GND)
  (net 2 /6V)
  (net 3 /5V)
  (net 4 "Net-(D1-Pad2)")
  (net 5 "Net-(D2-Pad2)")
  (net 6 /GPIO21)
  (net 7 "Net-(J1-Pad39)")
  (net 8 /GPIO20)
  (net 9 /GPIO26)
  (net 10 "Net-(J1-Pad36)")
  (net 11 /GPIO19)
  (net 12 "Net-(J1-Pad33)")
  (net 13 "Net-(J1-Pad32)")
  (net 14 "Net-(J1-Pad31)")
  (net 15 "Net-(J1-Pad29)")
  (net 16 "Net-(J1-Pad28)")
  (net 17 "Net-(J1-Pad27)")
  (net 18 "Net-(J1-Pad26)")
  (net 19 /GPIO8_CE)
  (net 20 /GPIO11_SCLK)
  (net 21 "Net-(J1-Pad22)")
  (net 22 /GPIO9_MISO)
  (net 23 /GPIO10_MOSI)
  (net 24 "Net-(J1-Pad18)")
  (net 25 "Net-(J1-Pad17)")
  (net 26 "Net-(J1-Pad16)")
  (net 27 "Net-(J1-Pad15)")
  (net 28 /GPIO27)
  (net 29 "Net-(J1-Pad12)")
  (net 30 /GPIO17)
  (net 31 /GPIO15)
  (net 32 /GPIO14)
  (net 33 "Net-(J1-Pad7)")
  (net 34 "Net-(J1-Pad5)")
  (net 35 "Net-(J1-Pad4)")
  (net 36 "Net-(J1-Pad3)")
  (net 37 "Net-(J1-Pad2)")
  (net 38 "Net-(J1-Pad1)")
  (net 39 "Net-(J2-Pad10)")
  (net 40 "Net-(J2-Pad8)")
  (net 41 "Net-(J2-Pad9)")
  (net 42 "Net-(J2-Pad6)")
  (net 43 /3.3V)
  (net 44 "Net-(D3-Pad2)")

  (net_class Default "This is the default net class."
    (clearance 0.2)
    (trace_width 0.25)
    (via_dia 0.8)
    (via_drill 0.4)
    (uvia_dia 0.3)
    (uvia_drill 0.1)
    (add_net /3.3V)
    (add_net /5V)
    (add_net /6V)
    (add_net /GND)
    (add_net /GPIO10_MOSI)
    (add_net /GPIO11_SCLK)
    (add_net /GPIO14)
    (add_net /GPIO15)
    (add_net /GPIO17)
    (add_net /GPIO19)
    (add_net /GPIO20)
    (add_net /GPIO21)
    (add_net /GPIO26)
    (add_net /GPIO27)
    (add_net /GPIO8_CE)
    (add_net /GPIO9_MISO)
    (add_net "Net-(D1-Pad2)")
    (add_net "Net-(D2-Pad2)")
    (add_net "Net-(D3-Pad2)")
    (add_net "Net-(J1-Pad1)")
    (add_net "Net-(J1-Pad12)")
    (add_net "Net-(J1-Pad15)")
    (add_net "Net-(J1-Pad16)")
    (add_net "Net-(J1-Pad17)")
    (add_net "Net-(J1-Pad18)")
    (add_net "Net-(J1-Pad2)")
    (add_net "Net-(J1-Pad22)")
    (add_net "Net-(J1-Pad26)")
    (add_net "Net-(J1-Pad27)")
    (add_net "Net-(J1-Pad28)")
    (add_net "Net-(J1-Pad29)")
    (add_net "Net-(J1-Pad3)")
    (add_net "Net-(J1-Pad31)")
    (add_net "Net-(J1-Pad32)")
    (add_net "Net-(J1-Pad33)")
    (add_net "Net-(J1-Pad36)")
    (add_net "Net-(J1-Pad39)")
    (add_net "Net-(J1-Pad4)")
    (add_net "Net-(J1-Pad5)")
    (add_net "Net-(J1-Pad7)")
    (add_net "Net-(J2-Pad10)")
    (add_net "Net-(J2-Pad6)")
    (add_net "Net-(J2-Pad8)")
    (add_net "Net-(J2-Pad9)")
  )

  (module Connector_JST:JST_XH_B2B-XH-A_1x02_P2.50mm_Vertical (layer F.Cu) (tedit 5C28146C) (tstamp 61225F08)
    (at 246.126 165.862 90)
    (descr "JST XH series connector, B2B-XH-A (http://www.jst-mfg.com/product/pdf/eng/eXH.pdf), generated with kicad-footprint-generator")
    (tags "connector JST XH vertical")
    (path /613832D2)
    (fp_text reference J9 (at 1.25 -3.55 90) (layer F.SilkS)
      (effects (font (size 1 1) (thickness 0.15)))
    )
    (fp_text value Conn_01x02 (at 2.058 7.4 90) (layer F.Fab)
      (effects (font (size 1 1) (thickness 0.15)))
    )
    (fp_text user %R (at 2.794 3.556 90) (layer F.Fab)
      (effects (font (size 1 1) (thickness 0.15)))
    )
    (fp_line (start -2.45 -2.35) (end -2.45 3.4) (layer F.Fab) (width 0.1))
    (fp_line (start -2.45 3.4) (end 4.95 3.4) (layer F.Fab) (width 0.1))
    (fp_line (start 4.95 3.4) (end 4.95 -2.35) (layer F.Fab) (width 0.1))
    (fp_line (start 4.95 -2.35) (end -2.45 -2.35) (layer F.Fab) (width 0.1))
    (fp_line (start -2.56 -2.46) (end -2.56 3.51) (layer F.SilkS) (width 0.12))
    (fp_line (start -2.56 3.51) (end 5.06 3.51) (layer F.SilkS) (width 0.12))
    (fp_line (start 5.06 3.51) (end 5.06 -2.46) (layer F.SilkS) (width 0.12))
    (fp_line (start 5.06 -2.46) (end -2.56 -2.46) (layer F.SilkS) (width 0.12))
    (fp_line (start -2.95 -2.85) (end -2.95 3.9) (layer F.CrtYd) (width 0.05))
    (fp_line (start -2.95 3.9) (end 5.45 3.9) (layer F.CrtYd) (width 0.05))
    (fp_line (start 5.45 3.9) (end 5.45 -2.85) (layer F.CrtYd) (width 0.05))
    (fp_line (start 5.45 -2.85) (end -2.95 -2.85) (layer F.CrtYd) (width 0.05))
    (fp_line (start -0.625 -2.35) (end 0 -1.35) (layer F.Fab) (width 0.1))
    (fp_line (start 0 -1.35) (end 0.625 -2.35) (layer F.Fab) (width 0.1))
    (fp_line (start 0.75 -2.45) (end 0.75 -1.7) (layer F.SilkS) (width 0.12))
    (fp_line (start 0.75 -1.7) (end 1.75 -1.7) (layer F.SilkS) (width 0.12))
    (fp_line (start 1.75 -1.7) (end 1.75 -2.45) (layer F.SilkS) (width 0.12))
    (fp_line (start 1.75 -2.45) (end 0.75 -2.45) (layer F.SilkS) (width 0.12))
    (fp_line (start -2.55 -2.45) (end -2.55 -1.7) (layer F.SilkS) (width 0.12))
    (fp_line (start -2.55 -1.7) (end -0.75 -1.7) (layer F.SilkS) (width 0.12))
    (fp_line (start -0.75 -1.7) (end -0.75 -2.45) (layer F.SilkS) (width 0.12))
    (fp_line (start -0.75 -2.45) (end -2.55 -2.45) (layer F.SilkS) (width 0.12))
    (fp_line (start 3.25 -2.45) (end 3.25 -1.7) (layer F.SilkS) (width 0.12))
    (fp_line (start 3.25 -1.7) (end 5.05 -1.7) (layer F.SilkS) (width 0.12))
    (fp_line (start 5.05 -1.7) (end 5.05 -2.45) (layer F.SilkS) (width 0.12))
    (fp_line (start 5.05 -2.45) (end 3.25 -2.45) (layer F.SilkS) (width 0.12))
    (fp_line (start -2.55 -0.2) (end -1.8 -0.2) (layer F.SilkS) (width 0.12))
    (fp_line (start -1.8 -0.2) (end -1.8 2.75) (layer F.SilkS) (width 0.12))
    (fp_line (start -1.8 2.75) (end 1.25 2.75) (layer F.SilkS) (width 0.12))
    (fp_line (start 5.05 -0.2) (end 4.3 -0.2) (layer F.SilkS) (width 0.12))
    (fp_line (start 4.3 -0.2) (end 4.3 2.75) (layer F.SilkS) (width 0.12))
    (fp_line (start 4.3 2.75) (end 1.25 2.75) (layer F.SilkS) (width 0.12))
    (fp_line (start -1.6 -2.75) (end -2.85 -2.75) (layer F.SilkS) (width 0.12))
    (fp_line (start -2.85 -2.75) (end -2.85 -1.5) (layer F.SilkS) (width 0.12))
    (pad 1 thru_hole roundrect (at 0 0 90) (size 1.7 2) (drill 1) (layers *.Cu *.Mask) (roundrect_rratio 0.1470588235294118)
      (net 43 /3.3V))
    (pad 2 thru_hole oval (at 2.5 0 90) (size 1.7 2) (drill 1) (layers *.Cu *.Mask)
      (net 1 /GND))
    (model ${KISYS3DMOD}/Connector_JST.3dshapes/JST_XH_B2B-XH-A_1x02_P2.50mm_Vertical.wrl
      (at (xyz 0 0 0))
      (scale (xyz 1 1 1))
      (rotate (xyz 0 0 0))
    )
  )

  (module Package_TO_SOT_SMD:SOT-223-3_TabPin2 (layer F.Cu) (tedit 5A02FF57) (tstamp 61225EF3)
    (at 241.808 173.482 180)
    (descr "module CMS SOT223 4 pins")
    (tags "CMS SOT")
    (path /612219D4)
    (attr smd)
    (fp_text reference U1 (at 0 -4.5) (layer F.SilkS)
      (effects (font (size 1 1) (thickness 0.15)))
    )
    (fp_text value AMS1117-3.3 (at 0 4.5) (layer F.Fab)
      (effects (font (size 1 1) (thickness 0.15)))
    )
    (fp_text user %R (at 0 0 90) (layer F.Fab)
      (effects (font (size 0.8 0.8) (thickness 0.12)))
    )
    (fp_line (start 1.91 3.41) (end 1.91 2.15) (layer F.SilkS) (width 0.12))
    (fp_line (start 1.91 -3.41) (end 1.91 -2.15) (layer F.SilkS) (width 0.12))
    (fp_line (start 4.4 -3.6) (end -4.4 -3.6) (layer F.CrtYd) (width 0.05))
    (fp_line (start 4.4 3.6) (end 4.4 -3.6) (layer F.CrtYd) (width 0.05))
    (fp_line (start -4.4 3.6) (end 4.4 3.6) (layer F.CrtYd) (width 0.05))
    (fp_line (start -4.4 -3.6) (end -4.4 3.6) (layer F.CrtYd) (width 0.05))
    (fp_line (start -1.85 -2.35) (end -0.85 -3.35) (layer F.Fab) (width 0.1))
    (fp_line (start -1.85 -2.35) (end -1.85 3.35) (layer F.Fab) (width 0.1))
    (fp_line (start -1.85 3.41) (end 1.91 3.41) (layer F.SilkS) (width 0.12))
    (fp_line (start -0.85 -3.35) (end 1.85 -3.35) (layer F.Fab) (width 0.1))
    (fp_line (start -4.1 -3.41) (end 1.91 -3.41) (layer F.SilkS) (width 0.12))
    (fp_line (start -1.85 3.35) (end 1.85 3.35) (layer F.Fab) (width 0.1))
    (fp_line (start 1.85 -3.35) (end 1.85 3.35) (layer F.Fab) (width 0.1))
    (pad 2 smd rect (at 3.15 0 180) (size 2 3.8) (layers F.Cu F.Paste F.Mask)
      (net 43 /3.3V))
    (pad 2 smd rect (at -3.15 0 180) (size 2 1.5) (layers F.Cu F.Paste F.Mask)
      (net 43 /3.3V))
    (pad 3 smd rect (at -3.15 2.3 180) (size 2 1.5) (layers F.Cu F.Paste F.Mask)
      (net 3 /5V))
    (pad 1 smd rect (at -3.15 -2.3 180) (size 2 1.5) (layers F.Cu F.Paste F.Mask)
      (net 1 /GND))
    (model ${KISYS3DMOD}/Package_TO_SOT_SMD.3dshapes/SOT-223.wrl
      (at (xyz 0 0 0))
      (scale (xyz 1 1 1))
      (rotate (xyz 0 0 0))
    )
  )

  (module Capacitor_SMD:C_0603_1608Metric_Pad1.08x0.95mm_HandSolder (layer B.Cu) (tedit 5F68FEEF) (tstamp 61225EE3)
    (at 232.156 169.8255 270)
    (descr "Capacitor SMD 0603 (1608 Metric), square (rectangular) end terminal, IPC_7351 nominal with elongated pad for handsoldering. (Body size source: IPC-SM-782 page 76, https://www.pcb-3d.com/wordpress/wp-content/uploads/ipc-sm-782a_amendment_1_and_2.pdf), generated with kicad-footprint-generator")
    (tags "capacitor handsolder")
    (path /612353EC)
    (attr smd)
    (fp_text reference C11 (at 0 1.43 270) (layer B.SilkS)
      (effects (font (size 1 1) (thickness 0.15)) (justify mirror))
    )
    (fp_text value 100nF (at 0 -1.43 270) (layer B.Fab)
      (effects (font (size 1 1) (thickness 0.15)) (justify mirror))
    )
    (fp_text user %R (at 0 -0.254 270) (layer B.Fab)
      (effects (font (size 0.4 0.4) (thickness 0.06)) (justify mirror))
    )
    (fp_line (start -0.8 -0.4) (end -0.8 0.4) (layer B.Fab) (width 0.1))
    (fp_line (start -0.8 0.4) (end 0.8 0.4) (layer B.Fab) (width 0.1))
    (fp_line (start 0.8 0.4) (end 0.8 -0.4) (layer B.Fab) (width 0.1))
    (fp_line (start 0.8 -0.4) (end -0.8 -0.4) (layer B.Fab) (width 0.1))
    (fp_line (start -0.146267 0.51) (end 0.146267 0.51) (layer B.SilkS) (width 0.12))
    (fp_line (start -0.146267 -0.51) (end 0.146267 -0.51) (layer B.SilkS) (width 0.12))
    (fp_line (start -1.65 -0.73) (end -1.65 0.73) (layer B.CrtYd) (width 0.05))
    (fp_line (start -1.65 0.73) (end 1.65 0.73) (layer B.CrtYd) (width 0.05))
    (fp_line (start 1.65 0.73) (end 1.65 -0.73) (layer B.CrtYd) (width 0.05))
    (fp_line (start 1.65 -0.73) (end -1.65 -0.73) (layer B.CrtYd) (width 0.05))
    (pad 1 smd roundrect (at -0.8625 0 270) (size 1.075 0.95) (layers B.Cu B.Paste B.Mask) (roundrect_rratio 0.25)
      (net 43 /3.3V))
    (pad 2 smd roundrect (at 0.8625 0 270) (size 1.075 0.95) (layers B.Cu B.Paste B.Mask) (roundrect_rratio 0.25)
      (net 1 /GND))
    (model ${KISYS3DMOD}/Capacitor_SMD.3dshapes/C_0603_1608Metric.wrl
      (at (xyz 0 0 0))
      (scale (xyz 1 1 1))
      (rotate (xyz 0 0 0))
    )
  )

  (module Resistor_SMD:R_0805_2012Metric (layer F.Cu) (tedit 5F68FEEE) (tstamp 61225ED3)
    (at 233.426 170.942 270)
    (descr "Resistor SMD 0805 (2012 Metric), square (rectangular) end terminal, IPC_7351 nominal, (Body size source: IPC-SM-782 page 72, https://www.pcb-3d.com/wordpress/wp-content/uploads/ipc-sm-782a_amendment_1_and_2.pdf), generated with kicad-footprint-generator")
    (tags resistor)
    (path /61291A1C)
    (attr smd)
    (fp_text reference R5 (at 0 -1.65 90) (layer F.SilkS)
      (effects (font (size 1 1) (thickness 0.15)))
    )
    (fp_text value 1K (at 0 1.65 90) (layer F.Fab)
      (effects (font (size 1 1) (thickness 0.15)))
    )
    (fp_text user %R (at 0 0 90) (layer F.Fab)
      (effects (font (size 0.5 0.5) (thickness 0.08)))
    )
    (fp_line (start -1 0.625) (end -1 -0.625) (layer F.Fab) (width 0.1))
    (fp_line (start -1 -0.625) (end 1 -0.625) (layer F.Fab) (width 0.1))
    (fp_line (start 1 -0.625) (end 1 0.625) (layer F.Fab) (width 0.1))
    (fp_line (start 1 0.625) (end -1 0.625) (layer F.Fab) (width 0.1))
    (fp_line (start -0.227064 -0.735) (end 0.227064 -0.735) (layer F.SilkS) (width 0.12))
    (fp_line (start -0.227064 0.735) (end 0.227064 0.735) (layer F.SilkS) (width 0.12))
    (fp_line (start -1.68 0.95) (end -1.68 -0.95) (layer F.CrtYd) (width 0.05))
    (fp_line (start -1.68 -0.95) (end 1.68 -0.95) (layer F.CrtYd) (width 0.05))
    (fp_line (start 1.68 -0.95) (end 1.68 0.95) (layer F.CrtYd) (width 0.05))
    (fp_line (start 1.68 0.95) (end -1.68 0.95) (layer F.CrtYd) (width 0.05))
    (pad 1 smd roundrect (at -0.9125 0 270) (size 1.025 1.4) (layers F.Cu F.Paste F.Mask) (roundrect_rratio 0.2439014634146341)
      (net 43 /3.3V))
    (pad 2 smd roundrect (at 0.9125 0 270) (size 1.025 1.4) (layers F.Cu F.Paste F.Mask) (roundrect_rratio 0.2439014634146341)
      (net 44 "Net-(D3-Pad2)"))
    (model ${KISYS3DMOD}/Resistor_SMD.3dshapes/R_0805_2012Metric.wrl
      (at (xyz 0 0 0))
      (scale (xyz 1 1 1))
      (rotate (xyz 0 0 0))
    )
  )

  (module Resistor_SMD:R_0805_2012Metric (layer B.Cu) (tedit 5F68FEEE) (tstamp 61225EC3)
    (at 227.33 157.8845 270)
    (descr "Resistor SMD 0805 (2012 Metric), square (rectangular) end terminal, IPC_7351 nominal, (Body size source: IPC-SM-782 page 72, https://www.pcb-3d.com/wordpress/wp-content/uploads/ipc-sm-782a_amendment_1_and_2.pdf), generated with kicad-footprint-generator")
    (tags resistor)
    (path /6126B881)
    (attr smd)
    (fp_text reference R2 (at 0 1.65 270) (layer B.SilkS)
      (effects (font (size 1 1) (thickness 0.15)) (justify mirror))
    )
    (fp_text value 10K (at 0 -1.65 270) (layer B.Fab)
      (effects (font (size 1 1) (thickness 0.15)) (justify mirror))
    )
    (fp_text user %R (at 0 0 270) (layer B.Fab)
      (effects (font (size 0.5 0.5) (thickness 0.08)) (justify mirror))
    )
    (fp_line (start -1 -0.625) (end -1 0.625) (layer B.Fab) (width 0.1))
    (fp_line (start -1 0.625) (end 1 0.625) (layer B.Fab) (width 0.1))
    (fp_line (start 1 0.625) (end 1 -0.625) (layer B.Fab) (width 0.1))
    (fp_line (start 1 -0.625) (end -1 -0.625) (layer B.Fab) (width 0.1))
    (fp_line (start -0.227064 0.735) (end 0.227064 0.735) (layer B.SilkS) (width 0.12))
    (fp_line (start -0.227064 -0.735) (end 0.227064 -0.735) (layer B.SilkS) (width 0.12))
    (fp_line (start -1.68 -0.95) (end -1.68 0.95) (layer B.CrtYd) (width 0.05))
    (fp_line (start -1.68 0.95) (end 1.68 0.95) (layer B.CrtYd) (width 0.05))
    (fp_line (start 1.68 0.95) (end 1.68 -0.95) (layer B.CrtYd) (width 0.05))
    (fp_line (start 1.68 -0.95) (end -1.68 -0.95) (layer B.CrtYd) (width 0.05))
    (pad 1 smd roundrect (at -0.9125 0 270) (size 1.025 1.4) (layers B.Cu B.Paste B.Mask) (roundrect_rratio 0.2439014634146341)
      (net 3 /5V))
    (pad 2 smd roundrect (at 0.9125 0 270) (size 1.025 1.4) (layers B.Cu B.Paste B.Mask) (roundrect_rratio 0.2439014634146341)
      (net 28 /GPIO27))
    (model ${KISYS3DMOD}/Resistor_SMD.3dshapes/R_0805_2012Metric.wrl
      (at (xyz 0 0 0))
      (scale (xyz 1 1 1))
      (rotate (xyz 0 0 0))
    )
  )

  (module Resistor_SMD:R_0805_2012Metric (layer B.Cu) (tedit 5F68FEEE) (tstamp 61225EB3)
    (at 230.124 157.8845 270)
    (descr "Resistor SMD 0805 (2012 Metric), square (rectangular) end terminal, IPC_7351 nominal, (Body size source: IPC-SM-782 page 72, https://www.pcb-3d.com/wordpress/wp-content/uploads/ipc-sm-782a_amendment_1_and_2.pdf), generated with kicad-footprint-generator")
    (tags resistor)
    (path /6126621A)
    (attr smd)
    (fp_text reference R1 (at 0 1.65 270) (layer B.SilkS)
      (effects (font (size 1 1) (thickness 0.15)) (justify mirror))
    )
    (fp_text value 10K (at 0 -1.65 270) (layer B.Fab)
      (effects (font (size 1 1) (thickness 0.15)) (justify mirror))
    )
    (fp_text user %R (at 0 0 270) (layer B.Fab)
      (effects (font (size 0.5 0.5) (thickness 0.08)) (justify mirror))
    )
    (fp_line (start -1 -0.625) (end -1 0.625) (layer B.Fab) (width 0.1))
    (fp_line (start -1 0.625) (end 1 0.625) (layer B.Fab) (width 0.1))
    (fp_line (start 1 0.625) (end 1 -0.625) (layer B.Fab) (width 0.1))
    (fp_line (start 1 -0.625) (end -1 -0.625) (layer B.Fab) (width 0.1))
    (fp_line (start -0.227064 0.735) (end 0.227064 0.735) (layer B.SilkS) (width 0.12))
    (fp_line (start -0.227064 -0.735) (end 0.227064 -0.735) (layer B.SilkS) (width 0.12))
    (fp_line (start -1.68 -0.95) (end -1.68 0.95) (layer B.CrtYd) (width 0.05))
    (fp_line (start -1.68 0.95) (end 1.68 0.95) (layer B.CrtYd) (width 0.05))
    (fp_line (start 1.68 0.95) (end 1.68 -0.95) (layer B.CrtYd) (width 0.05))
    (fp_line (start 1.68 -0.95) (end -1.68 -0.95) (layer B.CrtYd) (width 0.05))
    (pad 1 smd roundrect (at -0.9125 0 270) (size 1.025 1.4) (layers B.Cu B.Paste B.Mask) (roundrect_rratio 0.2439014634146341)
      (net 3 /5V))
    (pad 2 smd roundrect (at 0.9125 0 270) (size 1.025 1.4) (layers B.Cu B.Paste B.Mask) (roundrect_rratio 0.2439014634146341)
      (net 30 /GPIO17))
    (model ${KISYS3DMOD}/Resistor_SMD.3dshapes/R_0805_2012Metric.wrl
      (at (xyz 0 0 0))
      (scale (xyz 1 1 1))
      (rotate (xyz 0 0 0))
    )
  )

  (module Capacitor_SMD:C_0603_1608Metric_Pad1.08x0.95mm_HandSolder (layer B.Cu) (tedit 5F68FEEF) (tstamp 61225EA3)
    (at 230.124 169.7725 270)
    (descr "Capacitor SMD 0603 (1608 Metric), square (rectangular) end terminal, IPC_7351 nominal with elongated pad for handsoldering. (Body size source: IPC-SM-782 page 76, https://www.pcb-3d.com/wordpress/wp-content/uploads/ipc-sm-782a_amendment_1_and_2.pdf), generated with kicad-footprint-generator")
    (tags "capacitor handsolder")
    (path /612BE5B8)
    (attr smd)
    (fp_text reference C12 (at 0 1.43 90) (layer B.SilkS)
      (effects (font (size 1 1) (thickness 0.15)) (justify mirror))
    )
    (fp_text value 1uF (at 0 -1.43 90) (layer B.Fab)
      (effects (font (size 1 1) (thickness 0.15)) (justify mirror))
    )
    (fp_text user %R (at 0 0 90) (layer B.Fab)
      (effects (font (size 0.4 0.4) (thickness 0.06)) (justify mirror))
    )
    (fp_line (start -0.8 -0.4) (end -0.8 0.4) (layer B.Fab) (width 0.1))
    (fp_line (start -0.8 0.4) (end 0.8 0.4) (layer B.Fab) (width 0.1))
    (fp_line (start 0.8 0.4) (end 0.8 -0.4) (layer B.Fab) (width 0.1))
    (fp_line (start 0.8 -0.4) (end -0.8 -0.4) (layer B.Fab) (width 0.1))
    (fp_line (start -0.146267 0.51) (end 0.146267 0.51) (layer B.SilkS) (width 0.12))
    (fp_line (start -0.146267 -0.51) (end 0.146267 -0.51) (layer B.SilkS) (width 0.12))
    (fp_line (start -1.65 -0.73) (end -1.65 0.73) (layer B.CrtYd) (width 0.05))
    (fp_line (start -1.65 0.73) (end 1.65 0.73) (layer B.CrtYd) (width 0.05))
    (fp_line (start 1.65 0.73) (end 1.65 -0.73) (layer B.CrtYd) (width 0.05))
    (fp_line (start 1.65 -0.73) (end -1.65 -0.73) (layer B.CrtYd) (width 0.05))
    (pad 1 smd roundrect (at -0.8625 0 270) (size 1.075 0.95) (layers B.Cu B.Paste B.Mask) (roundrect_rratio 0.25)
      (net 43 /3.3V))
    (pad 2 smd roundrect (at 0.8625 0 270) (size 1.075 0.95) (layers B.Cu B.Paste B.Mask) (roundrect_rratio 0.25)
      (net 1 /GND))
    (model ${KISYS3DMOD}/Capacitor_SMD.3dshapes/C_0603_1608Metric.wrl
      (at (xyz 0 0 0))
      (scale (xyz 1 1 1))
      (rotate (xyz 0 0 0))
    )
  )

  (module LED_SMD:LED_0805_2012Metric_Pad1.15x1.40mm_HandSolder (layer F.Cu) (tedit 5F68FEF1) (tstamp 61225E91)
    (at 233.426 175.015 90)
    (descr "LED SMD 0805 (2012 Metric), square (rectangular) end terminal, IPC_7351 nominal, (Body size source: https://docs.google.com/spreadsheets/d/1BsfQQcO9C6DZCsRaXUlFlo91Tg2WpOkGARC1WS5S8t0/edit?usp=sharing), generated with kicad-footprint-generator")
    (tags "LED handsolder")
    (path /61292654)
    (attr smd)
    (fp_text reference D3 (at 0 -1.65 90) (layer F.SilkS)
      (effects (font (size 1 1) (thickness 0.15)))
    )
    (fp_text value LED (at 0 1.65 90) (layer F.Fab)
      (effects (font (size 1 1) (thickness 0.15)))
    )
    (fp_text user %R (at 0 0 90) (layer F.Fab)
      (effects (font (size 0.5 0.5) (thickness 0.08)))
    )
    (fp_line (start 1 -0.6) (end -0.7 -0.6) (layer F.Fab) (width 0.1))
    (fp_line (start -0.7 -0.6) (end -1 -0.3) (layer F.Fab) (width 0.1))
    (fp_line (start -1 -0.3) (end -1 0.6) (layer F.Fab) (width 0.1))
    (fp_line (start -1 0.6) (end 1 0.6) (layer F.Fab) (width 0.1))
    (fp_line (start 1 0.6) (end 1 -0.6) (layer F.Fab) (width 0.1))
    (fp_line (start 1 -0.96) (end -1.86 -0.96) (layer F.SilkS) (width 0.12))
    (fp_line (start -1.86 -0.96) (end -1.86 0.96) (layer F.SilkS) (width 0.12))
    (fp_line (start -1.86 0.96) (end 1 0.96) (layer F.SilkS) (width 0.12))
    (fp_line (start -1.85 0.95) (end -1.85 -0.95) (layer F.CrtYd) (width 0.05))
    (fp_line (start -1.85 -0.95) (end 1.85 -0.95) (layer F.CrtYd) (width 0.05))
    (fp_line (start 1.85 -0.95) (end 1.85 0.95) (layer F.CrtYd) (width 0.05))
    (fp_line (start 1.85 0.95) (end -1.85 0.95) (layer F.CrtYd) (width 0.05))
    (pad 1 smd roundrect (at -1.025 0 90) (size 1.15 1.4) (layers F.Cu F.Paste F.Mask) (roundrect_rratio 0.2173904347826087)
      (net 1 /GND))
    (pad 2 smd roundrect (at 1.025 0 90) (size 1.15 1.4) (layers F.Cu F.Paste F.Mask) (roundrect_rratio 0.2173904347826087)
      (net 44 "Net-(D3-Pad2)"))
    (model ${KISYS3DMOD}/LED_SMD.3dshapes/LED_0805_2012Metric.wrl
      (at (xyz 0 0 0))
      (scale (xyz 1 1 1))
      (rotate (xyz 0 0 0))
    )
  )

  (module Capacitor_SMD:C_0603_1608Metric_Pad1.08x0.95mm_HandSolder (layer B.Cu) (tedit 5F68FEEF) (tstamp 61225E81)
    (at 242.062 162.306)
    (descr "Capacitor SMD 0603 (1608 Metric), square (rectangular) end terminal, IPC_7351 nominal with elongated pad for handsoldering. (Body size source: IPC-SM-782 page 76, https://www.pcb-3d.com/wordpress/wp-content/uploads/ipc-sm-782a_amendment_1_and_2.pdf), generated with kicad-footprint-generator")
    (tags "capacitor handsolder")
    (path /6125B035)
    (attr smd)
    (fp_text reference C5 (at 0 1.43) (layer B.SilkS)
      (effects (font (size 1 1) (thickness 0.15)) (justify mirror))
    )
    (fp_text value 10nF (at 0 -1.43) (layer B.Fab)
      (effects (font (size 1 1) (thickness 0.15)) (justify mirror))
    )
    (fp_text user %R (at 0 0) (layer B.Fab)
      (effects (font (size 0.4 0.4) (thickness 0.06)) (justify mirror))
    )
    (fp_line (start 1.65 -0.73) (end -1.65 -0.73) (layer B.CrtYd) (width 0.05))
    (fp_line (start 1.65 0.73) (end 1.65 -0.73) (layer B.CrtYd) (width 0.05))
    (fp_line (start -1.65 0.73) (end 1.65 0.73) (layer B.CrtYd) (width 0.05))
    (fp_line (start -1.65 -0.73) (end -1.65 0.73) (layer B.CrtYd) (width 0.05))
    (fp_line (start -0.146267 -0.51) (end 0.146267 -0.51) (layer B.SilkS) (width 0.12))
    (fp_line (start -0.146267 0.51) (end 0.146267 0.51) (layer B.SilkS) (width 0.12))
    (fp_line (start 0.8 -0.4) (end -0.8 -0.4) (layer B.Fab) (width 0.1))
    (fp_line (start 0.8 0.4) (end 0.8 -0.4) (layer B.Fab) (width 0.1))
    (fp_line (start -0.8 0.4) (end 0.8 0.4) (layer B.Fab) (width 0.1))
    (fp_line (start -0.8 -0.4) (end -0.8 0.4) (layer B.Fab) (width 0.1))
    (pad 1 smd roundrect (at -0.8625 0) (size 1.075 0.95) (layers B.Cu B.Paste B.Mask) (roundrect_rratio 0.25)
      (net 3 /5V))
    (pad 2 smd roundrect (at 0.8625 0) (size 1.075 0.95) (layers B.Cu B.Paste B.Mask) (roundrect_rratio 0.25)
      (net 1 /GND))
    (model ${KISYS3DMOD}/Capacitor_SMD.3dshapes/C_0603_1608Metric.wrl
      (at (xyz 0 0 0))
      (scale (xyz 1 1 1))
      (rotate (xyz 0 0 0))
    )
  )

  (module Capacitor_SMD:C_0603_1608Metric_Pad1.08x0.95mm_HandSolder (layer B.Cu) (tedit 5F68FEEF) (tstamp 61225E71)
    (at 234.188 169.8255 270)
    (descr "Capacitor SMD 0603 (1608 Metric), square (rectangular) end terminal, IPC_7351 nominal with elongated pad for handsoldering. (Body size source: IPC-SM-782 page 76, https://www.pcb-3d.com/wordpress/wp-content/uploads/ipc-sm-782a_amendment_1_and_2.pdf), generated with kicad-footprint-generator")
    (tags "capacitor handsolder")
    (path /61234ED7)
    (attr smd)
    (fp_text reference C10 (at 0 1.43 270) (layer B.SilkS)
      (effects (font (size 1 1) (thickness 0.15)) (justify mirror))
    )
    (fp_text value 10nF (at 0 -1.43 270) (layer B.Fab)
      (effects (font (size 1 1) (thickness 0.15)) (justify mirror))
    )
    (fp_text user %R (at 0 0 270) (layer B.Fab)
      (effects (font (size 0.4 0.4) (thickness 0.06)) (justify mirror))
    )
    (fp_line (start -0.8 -0.4) (end -0.8 0.4) (layer B.Fab) (width 0.1))
    (fp_line (start -0.8 0.4) (end 0.8 0.4) (layer B.Fab) (width 0.1))
    (fp_line (start 0.8 0.4) (end 0.8 -0.4) (layer B.Fab) (width 0.1))
    (fp_line (start 0.8 -0.4) (end -0.8 -0.4) (layer B.Fab) (width 0.1))
    (fp_line (start -0.146267 0.51) (end 0.146267 0.51) (layer B.SilkS) (width 0.12))
    (fp_line (start -0.146267 -0.51) (end 0.146267 -0.51) (layer B.SilkS) (width 0.12))
    (fp_line (start -1.65 -0.73) (end -1.65 0.73) (layer B.CrtYd) (width 0.05))
    (fp_line (start -1.65 0.73) (end 1.65 0.73) (layer B.CrtYd) (width 0.05))
    (fp_line (start 1.65 0.73) (end 1.65 -0.73) (layer B.CrtYd) (width 0.05))
    (fp_line (start 1.65 -0.73) (end -1.65 -0.73) (layer B.CrtYd) (width 0.05))
    (pad 1 smd roundrect (at -0.8625 0 270) (size 1.075 0.95) (layers B.Cu B.Paste B.Mask) (roundrect_rratio 0.25)
      (net 43 /3.3V))
    (pad 2 smd roundrect (at 0.8625 0 270) (size 1.075 0.95) (layers B.Cu B.Paste B.Mask) (roundrect_rratio 0.25)
      (net 1 /GND))
    (model ${KISYS3DMOD}/Capacitor_SMD.3dshapes/C_0603_1608Metric.wrl
      (at (xyz 0 0 0))
      (scale (xyz 1 1 1))
      (rotate (xyz 0 0 0))
    )
  )

  (module Capacitor_SMD:C_0603_1608Metric_Pad1.08x0.95mm_HandSolder (layer B.Cu) (tedit 5F68FEEF) (tstamp 61225E61)
    (at 242.062 160.274)
    (descr "Capacitor SMD 0603 (1608 Metric), square (rectangular) end terminal, IPC_7351 nominal with elongated pad for handsoldering. (Body size source: IPC-SM-782 page 76, https://www.pcb-3d.com/wordpress/wp-content/uploads/ipc-sm-782a_amendment_1_and_2.pdf), generated with kicad-footprint-generator")
    (tags "capacitor handsolder")
    (path /6125BD16)
    (attr smd)
    (fp_text reference C7 (at 0 1.43 180) (layer B.SilkS)
      (effects (font (size 1 1) (thickness 0.15)) (justify mirror))
    )
    (fp_text value 1uF (at 0 -1.43 180) (layer B.Fab)
      (effects (font (size 1 1) (thickness 0.15)) (justify mirror))
    )
    (fp_text user %R (at 0 0 180) (layer B.Fab)
      (effects (font (size 0.4 0.4) (thickness 0.06)) (justify mirror))
    )
    (fp_line (start 1.65 -0.73) (end -1.65 -0.73) (layer B.CrtYd) (width 0.05))
    (fp_line (start 1.65 0.73) (end 1.65 -0.73) (layer B.CrtYd) (width 0.05))
    (fp_line (start -1.65 0.73) (end 1.65 0.73) (layer B.CrtYd) (width 0.05))
    (fp_line (start -1.65 -0.73) (end -1.65 0.73) (layer B.CrtYd) (width 0.05))
    (fp_line (start -0.146267 -0.51) (end 0.146267 -0.51) (layer B.SilkS) (width 0.12))
    (fp_line (start -0.146267 0.51) (end 0.146267 0.51) (layer B.SilkS) (width 0.12))
    (fp_line (start 0.8 -0.4) (end -0.8 -0.4) (layer B.Fab) (width 0.1))
    (fp_line (start 0.8 0.4) (end 0.8 -0.4) (layer B.Fab) (width 0.1))
    (fp_line (start -0.8 0.4) (end 0.8 0.4) (layer B.Fab) (width 0.1))
    (fp_line (start -0.8 -0.4) (end -0.8 0.4) (layer B.Fab) (width 0.1))
    (pad 1 smd roundrect (at -0.8625 0) (size 1.075 0.95) (layers B.Cu B.Paste B.Mask) (roundrect_rratio 0.25)
      (net 3 /5V))
    (pad 2 smd roundrect (at 0.8625 0) (size 1.075 0.95) (layers B.Cu B.Paste B.Mask) (roundrect_rratio 0.25)
      (net 1 /GND))
    (model ${KISYS3DMOD}/Capacitor_SMD.3dshapes/C_0603_1608Metric.wrl
      (at (xyz 0 0 0))
      (scale (xyz 1 1 1))
      (rotate (xyz 0 0 0))
    )
  )

  (module Capacitor_SMD:C_0603_1608Metric_Pad1.08x0.95mm_HandSolder (layer B.Cu) (tedit 5F68FEEF) (tstamp 61225E51)
    (at 242.824 143.8645 90)
    (descr "Capacitor SMD 0603 (1608 Metric), square (rectangular) end terminal, IPC_7351 nominal with elongated pad for handsoldering. (Body size source: IPC-SM-782 page 76, https://www.pcb-3d.com/wordpress/wp-content/uploads/ipc-sm-782a_amendment_1_and_2.pdf), generated with kicad-footprint-generator")
    (tags "capacitor handsolder")
    (path /612AAB27)
    (attr smd)
    (fp_text reference C8 (at 0 1.43 270) (layer B.SilkS)
      (effects (font (size 1 1) (thickness 0.15)) (justify mirror))
    )
    (fp_text value 1uF (at 0 -1.43 270) (layer B.Fab)
      (effects (font (size 1 1) (thickness 0.15)) (justify mirror))
    )
    (fp_text user %R (at 0 0 270) (layer B.Fab)
      (effects (font (size 0.4 0.4) (thickness 0.06)) (justify mirror))
    )
    (fp_line (start 1.65 -0.73) (end -1.65 -0.73) (layer B.CrtYd) (width 0.05))
    (fp_line (start 1.65 0.73) (end 1.65 -0.73) (layer B.CrtYd) (width 0.05))
    (fp_line (start -1.65 0.73) (end 1.65 0.73) (layer B.CrtYd) (width 0.05))
    (fp_line (start -1.65 -0.73) (end -1.65 0.73) (layer B.CrtYd) (width 0.05))
    (fp_line (start -0.146267 -0.51) (end 0.146267 -0.51) (layer B.SilkS) (width 0.12))
    (fp_line (start -0.146267 0.51) (end 0.146267 0.51) (layer B.SilkS) (width 0.12))
    (fp_line (start 0.8 -0.4) (end -0.8 -0.4) (layer B.Fab) (width 0.1))
    (fp_line (start 0.8 0.4) (end 0.8 -0.4) (layer B.Fab) (width 0.1))
    (fp_line (start -0.8 0.4) (end 0.8 0.4) (layer B.Fab) (width 0.1))
    (fp_line (start -0.8 -0.4) (end -0.8 0.4) (layer B.Fab) (width 0.1))
    (pad 1 smd roundrect (at -0.8625 0 90) (size 1.075 0.95) (layers B.Cu B.Paste B.Mask) (roundrect_rratio 0.25)
      (net 3 /5V))
    (pad 2 smd roundrect (at 0.8625 0 90) (size 1.075 0.95) (layers B.Cu B.Paste B.Mask) (roundrect_rratio 0.25)
      (net 1 /GND))
    (model ${KISYS3DMOD}/Capacitor_SMD.3dshapes/C_0603_1608Metric.wrl
      (at (xyz 0 0 0))
      (scale (xyz 1 1 1))
      (rotate (xyz 0 0 0))
    )
  )

  (module Capacitor_SMD:C_0603_1608Metric_Pad1.08x0.95mm_HandSolder (layer B.Cu) (tedit 5F68FEEF) (tstamp 61225E41)
    (at 248.5655 168.148)
    (descr "Capacitor SMD 0603 (1608 Metric), square (rectangular) end terminal, IPC_7351 nominal with elongated pad for handsoldering. (Body size source: IPC-SM-782 page 76, https://www.pcb-3d.com/wordpress/wp-content/uploads/ipc-sm-782a_amendment_1_and_2.pdf), generated with kicad-footprint-generator")
    (tags "capacitor handsolder")
    (path /61384154)
    (attr smd)
    (fp_text reference C9 (at 0 1.43 180) (layer B.SilkS)
      (effects (font (size 1 1) (thickness 0.15)) (justify mirror))
    )
    (fp_text value 1uF (at 0 -1.43 180) (layer B.Fab)
      (effects (font (size 1 1) (thickness 0.15)) (justify mirror))
    )
    (fp_text user %R (at 0 0 180) (layer B.Fab)
      (effects (font (size 0.4 0.4) (thickness 0.06)) (justify mirror))
    )
    (fp_line (start -0.8 -0.4) (end -0.8 0.4) (layer B.Fab) (width 0.1))
    (fp_line (start -0.8 0.4) (end 0.8 0.4) (layer B.Fab) (width 0.1))
    (fp_line (start 0.8 0.4) (end 0.8 -0.4) (layer B.Fab) (width 0.1))
    (fp_line (start 0.8 -0.4) (end -0.8 -0.4) (layer B.Fab) (width 0.1))
    (fp_line (start -0.146267 0.51) (end 0.146267 0.51) (layer B.SilkS) (width 0.12))
    (fp_line (start -0.146267 -0.51) (end 0.146267 -0.51) (layer B.SilkS) (width 0.12))
    (fp_line (start -1.65 -0.73) (end -1.65 0.73) (layer B.CrtYd) (width 0.05))
    (fp_line (start -1.65 0.73) (end 1.65 0.73) (layer B.CrtYd) (width 0.05))
    (fp_line (start 1.65 0.73) (end 1.65 -0.73) (layer B.CrtYd) (width 0.05))
    (fp_line (start 1.65 -0.73) (end -1.65 -0.73) (layer B.CrtYd) (width 0.05))
    (pad 1 smd roundrect (at -0.8625 0) (size 1.075 0.95) (layers B.Cu B.Paste B.Mask) (roundrect_rratio 0.25)
      (net 43 /3.3V))
    (pad 2 smd roundrect (at 0.8625 0) (size 1.075 0.95) (layers B.Cu B.Paste B.Mask) (roundrect_rratio 0.25)
      (net 1 /GND))
    (model ${KISYS3DMOD}/Capacitor_SMD.3dshapes/C_0603_1608Metric.wrl
      (at (xyz 0 0 0))
      (scale (xyz 1 1 1))
      (rotate (xyz 0 0 0))
    )
  )

  (module Connector_PinHeader_2.54mm:PinHeader_2x20_P2.54mm_Vertical (layer F.Cu) (tedit 59FED5CC) (tstamp 61225E04)
    (at 219.71 173.99 180)
    (descr "Through hole straight pin header, 2x20, 2.54mm pitch, double rows")
    (tags "Through hole pin header THT 2x20 2.54mm double row")
    (path /6120D187)
    (fp_text reference J1 (at 1.27 -2.33) (layer F.SilkS)
      (effects (font (size 1 1) (thickness 0.15)))
    )
    (fp_text value Conn_02x20_Odd_Even (at 1.27 50.59) (layer F.Fab)
      (effects (font (size 1 1) (thickness 0.15)))
    )
    (fp_text user %R (at 1.27 24.13 90) (layer F.Fab)
      (effects (font (size 1 1) (thickness 0.15)))
    )
    (fp_line (start 4.35 -1.8) (end -1.8 -1.8) (layer F.CrtYd) (width 0.05))
    (fp_line (start 4.35 50.05) (end 4.35 -1.8) (layer F.CrtYd) (width 0.05))
    (fp_line (start -1.8 50.05) (end 4.35 50.05) (layer F.CrtYd) (width 0.05))
    (fp_line (start -1.8 -1.8) (end -1.8 50.05) (layer F.CrtYd) (width 0.05))
    (fp_line (start -1.33 -1.33) (end 0 -1.33) (layer F.SilkS) (width 0.12))
    (fp_line (start -1.33 0) (end -1.33 -1.33) (layer F.SilkS) (width 0.12))
    (fp_line (start 1.27 -1.33) (end 3.87 -1.33) (layer F.SilkS) (width 0.12))
    (fp_line (start 1.27 1.27) (end 1.27 -1.33) (layer F.SilkS) (width 0.12))
    (fp_line (start -1.33 1.27) (end 1.27 1.27) (layer F.SilkS) (width 0.12))
    (fp_line (start 3.87 -1.33) (end 3.87 49.59) (layer F.SilkS) (width 0.12))
    (fp_line (start -1.33 1.27) (end -1.33 49.59) (layer F.SilkS) (width 0.12))
    (fp_line (start -1.33 49.59) (end 3.87 49.59) (layer F.SilkS) (width 0.12))
    (fp_line (start -1.27 0) (end 0 -1.27) (layer F.Fab) (width 0.1))
    (fp_line (start -1.27 49.53) (end -1.27 0) (layer F.Fab) (width 0.1))
    (fp_line (start 3.81 49.53) (end -1.27 49.53) (layer F.Fab) (width 0.1))
    (fp_line (start 3.81 -1.27) (end 3.81 49.53) (layer F.Fab) (width 0.1))
    (fp_line (start 0 -1.27) (end 3.81 -1.27) (layer F.Fab) (width 0.1))
    (pad 1 thru_hole rect (at 0 0 180) (size 1.7 1.7) (drill 1) (layers *.Cu *.Mask)
      (net 38 "Net-(J1-Pad1)"))
    (pad 2 thru_hole oval (at 2.54 0 180) (size 1.7 1.7) (drill 1) (layers *.Cu *.Mask)
      (net 37 "Net-(J1-Pad2)"))
    (pad 3 thru_hole oval (at 0 2.54 180) (size 1.7 1.7) (drill 1) (layers *.Cu *.Mask)
      (net 36 "Net-(J1-Pad3)"))
    (pad 4 thru_hole oval (at 2.54 2.54 180) (size 1.7 1.7) (drill 1) (layers *.Cu *.Mask)
      (net 35 "Net-(J1-Pad4)"))
    (pad 5 thru_hole oval (at 0 5.08 180) (size 1.7 1.7) (drill 1) (layers *.Cu *.Mask)
      (net 34 "Net-(J1-Pad5)"))
    (pad 6 thru_hole oval (at 2.54 5.08 180) (size 1.7 1.7) (drill 1) (layers *.Cu *.Mask)
      (net 1 /GND))
    (pad 7 thru_hole oval (at 0 7.62 180) (size 1.7 1.7) (drill 1) (layers *.Cu *.Mask)
      (net 33 "Net-(J1-Pad7)"))
    (pad 8 thru_hole oval (at 2.54 7.62 180) (size 1.7 1.7) (drill 1) (layers *.Cu *.Mask)
      (net 32 /GPIO14))
    (pad 9 thru_hole oval (at 0 10.16 180) (size 1.7 1.7) (drill 1) (layers *.Cu *.Mask)
      (net 1 /GND))
    (pad 10 thru_hole oval (at 2.54 10.16 180) (size 1.7 1.7) (drill 1) (layers *.Cu *.Mask)
      (net 31 /GPIO15))
    (pad 11 thru_hole oval (at 0 12.7 180) (size 1.7 1.7) (drill 1) (layers *.Cu *.Mask)
      (net 30 /GPIO17))
    (pad 12 thru_hole oval (at 2.54 12.7 180) (size 1.7 1.7) (drill 1) (layers *.Cu *.Mask)
      (net 29 "Net-(J1-Pad12)"))
    (pad 13 thru_hole oval (at 0 15.24 180) (size 1.7 1.7) (drill 1) (layers *.Cu *.Mask)
      (net 28 /GPIO27))
    (pad 14 thru_hole oval (at 2.54 15.24 180) (size 1.7 1.7) (drill 1) (layers *.Cu *.Mask)
      (net 1 /GND))
    (pad 15 thru_hole oval (at 0 17.78 180) (size 1.7 1.7) (drill 1) (layers *.Cu *.Mask)
      (net 27 "Net-(J1-Pad15)"))
    (pad 16 thru_hole oval (at 2.54 17.78 180) (size 1.7 1.7) (drill 1) (layers *.Cu *.Mask)
      (net 26 "Net-(J1-Pad16)"))
    (pad 17 thru_hole oval (at 0 20.32 180) (size 1.7 1.7) (drill 1) (layers *.Cu *.Mask)
      (net 25 "Net-(J1-Pad17)"))
    (pad 18 thru_hole oval (at 2.54 20.32 180) (size 1.7 1.7) (drill 1) (layers *.Cu *.Mask)
      (net 24 "Net-(J1-Pad18)"))
    (pad 19 thru_hole oval (at 0 22.86 180) (size 1.7 1.7) (drill 1) (layers *.Cu *.Mask)
      (net 23 /GPIO10_MOSI))
    (pad 20 thru_hole oval (at 2.54 22.86 180) (size 1.7 1.7) (drill 1) (layers *.Cu *.Mask)
      (net 1 /GND))
    (pad 21 thru_hole oval (at 0 25.4 180) (size 1.7 1.7) (drill 1) (layers *.Cu *.Mask)
      (net 22 /GPIO9_MISO))
    (pad 22 thru_hole oval (at 2.54 25.4 180) (size 1.7 1.7) (drill 1) (layers *.Cu *.Mask)
      (net 21 "Net-(J1-Pad22)"))
    (pad 23 thru_hole oval (at 0 27.94 180) (size 1.7 1.7) (drill 1) (layers *.Cu *.Mask)
      (net 20 /GPIO11_SCLK))
    (pad 24 thru_hole oval (at 2.54 27.94 180) (size 1.7 1.7) (drill 1) (layers *.Cu *.Mask)
      (net 19 /GPIO8_CE))
    (pad 25 thru_hole oval (at 0 30.48 180) (size 1.7 1.7) (drill 1) (layers *.Cu *.Mask)
      (net 1 /GND))
    (pad 26 thru_hole oval (at 2.54 30.48 180) (size 1.7 1.7) (drill 1) (layers *.Cu *.Mask)
      (net 18 "Net-(J1-Pad26)"))
    (pad 27 thru_hole oval (at 0 33.02 180) (size 1.7 1.7) (drill 1) (layers *.Cu *.Mask)
      (net 17 "Net-(J1-Pad27)"))
    (pad 28 thru_hole oval (at 2.54 33.02 180) (size 1.7 1.7) (drill 1) (layers *.Cu *.Mask)
      (net 16 "Net-(J1-Pad28)"))
    (pad 29 thru_hole oval (at 0 35.56 180) (size 1.7 1.7) (drill 1) (layers *.Cu *.Mask)
      (net 15 "Net-(J1-Pad29)"))
    (pad 30 thru_hole oval (at 2.54 35.56 180) (size 1.7 1.7) (drill 1) (layers *.Cu *.Mask)
      (net 1 /GND))
    (pad 31 thru_hole oval (at 0 38.1 180) (size 1.7 1.7) (drill 1) (layers *.Cu *.Mask)
      (net 14 "Net-(J1-Pad31)"))
    (pad 32 thru_hole oval (at 2.54 38.1 180) (size 1.7 1.7) (drill 1) (layers *.Cu *.Mask)
      (net 13 "Net-(J1-Pad32)"))
    (pad 33 thru_hole oval (at 0 40.64 180) (size 1.7 1.7) (drill 1) (layers *.Cu *.Mask)
      (net 12 "Net-(J1-Pad33)"))
    (pad 34 thru_hole oval (at 2.54 40.64 180) (size 1.7 1.7) (drill 1) (layers *.Cu *.Mask)
      (net 1 /GND))
    (pad 35 thru_hole oval (at 0 43.18 180) (size 1.7 1.7) (drill 1) (layers *.Cu *.Mask)
      (net 11 /GPIO19))
    (pad 36 thru_hole oval (at 2.54 43.18 180) (size 1.7 1.7) (drill 1) (layers *.Cu *.Mask)
      (net 10 "Net-(J1-Pad36)"))
    (pad 37 thru_hole oval (at 0 45.72 180) (size 1.7 1.7) (drill 1) (layers *.Cu *.Mask)
      (net 9 /GPIO26))
